image: map.pgm
resolution: 0.020000
origin: [-9.575000, -20.30500, 0.000000]
negate: 0
occupied_thresh: 0.65
free_thresh: 0.196

